movePQCrash --pqt={0.42,0.0,0.4,0,0,0,1} --kp_p={70,100,56,21,17,7,7} --ki_p={1,1,1,1,1,1,1}

moveStop



(1)
kp_p:100  140  80  30  20  10  
ki_p:1  1  1  1  1  1  
vproportion:39.5523  0.841576  -11.3589  -0.0723971  12.2454  0.385961  
vinteg:0  9.15842  -21.3589  -1.0724  0  0.614039  
ft:39.5523  10  -32.7177  -6.36798  34.483  1.48253  
ft_pid:1.48253  19.1388  28.4655  -3.67235  15.2843  -0.0988897  
friction:0  0  0  0  0  0  
ft_dynamic:4.08782e-29  20.512  -9.41816  0.0455364  -0.211723  0.00155688  
ft_offset:13.4514  359.763  334.644  -141.559  1000.81  -10.4698 

moveJRC
moveJR -m=1 --pos=0.5 --check_none
